733 378 524 409 943 133 947 368 861 41 | 532 163 788 408 877 232 521 701 353 267 | 152 101 250 383 572 432 169 586 356 465 | 961 872 253 464 328 412 705 649 202 953 | 174 273 717 699 252 647 716 141 666 352 | 374 284 359 731 781 510 775 102 256 798 | 131 326 971 488 434 838 839 782 549 829 | 134 809 414 648 556 38 761 469 835 135 | 443 914 711 418 917 460 512 906 305 363 | 776 498 988 269 54 509 88 608 292 293 
423 723 738 673 201 892 610 889 77 919 | 66 770 127 194 402 596 719 628 372 164 | 630 826 525 956 306 370 482 274 652 121 | 208 587 751 211 748 983 170 360 755 62 | 933 597 931 561 75 850 210 183 619 115 | 915 822 9 399 64 107 670 643 721 475 | 766 98 340 277 966 94 584 620 778 2 | 774 172 996 899 981 65 884 555 427 123 | 461 578 111 439 390 879 272 682 601 400 | 980 244 0 453 616 546 644 540 760 825 
720 660 732 739 547 987 612 438 595 990 | 955 653 282 471 806 297 675 650 197 158 | 840 729 742 19 48 783 392 276 315 199 | 907 552 557 520 787 624 663 286 304 311 | 154 419 393 73 810 235 934 818 951 219 | 32 516 689 421 994 345 808 78 126 554 | 233 44 518 636 727 82 239 960 538 631 | 501 581 502 25 136 848 223 882 952 544 | 815 195 669 322 938 212 10 366 668 209 | 39 817 531 132 486 281 893 500 312 103 
463 189 827 192 633 575 310 641 218 691 | 530 468 679 30 874 621 926 69 379 159 | 837 287 537 741 594 119 125 456 376 80 | 870 12 958 407 929 137 609 140 752 70 | 429 617 275 16 95 106 821 181 708 34 | 635 888 982 796 497 279 87 791 894 139 | 490 207 954 157 40 762 862 646 451 566 | 47 611 696 831 803 593 221 81 285 280 | 836 936 153 970 642 97 344 567 313 7 | 820 84 200 528 161 522 744 688 885 483 
722 92 444 289 517 865 986 229 854 763 | 496 405 834 905 999 875 448 290 436 266 | 358 238 753 391 494 433 832 790 962 336 | 918 629 333 585 50 257 454 623 237 265 | 984 319 743 243 120 53 925 263 17 533 | 564 186 173 519 657 369 890 105 180 217 | 841 473 447 320 860 967 213 779 613 499 | 908 864 146 470 868 737 909 677 462 969 | 227 598 638 435 792 226 503 639 768 175 | 491 331 142 430 618 667 477 992 317 168 
71 236 416 258 33 922 387 974 565 991 | 299 883 79 736 930 437 395 422 455 450 | 559 580 45 204 109 527 185 49 697 989 | 428 577 128 60 823 406 977 112 222 349 | 23 665 323 800 467 42 814 93 72 923 | 773 341 637 942 165 156 425 138 916 747 | 29 74 129 698 231 816 330 191 570 178 | 940 734 523 592 867 830 845 726 224 957 | 365 182 887 403 927 260 335 928 380 676 | 997 350 718 924 386 316 658 357 562 86 
745 972 83 529 481 856 671 476 46 8 | 505 254 110 474 859 334 184 694 417 693 | 963 603 903 876 190 452 338 583 31 740 | 398 804 622 901 765 542 713 789 513 703 | 948 413 758 706 932 251 215 548 130 812 | 351 18 935 858 645 853 506 944 348 104 | 382 384 404 176 196 76 504 288 6 687 | 846 26 301 214 22 588 300 303 728 99 | 724 573 662 234 824 240 541 441 756 664 | 206 508 945 89 913 749 683 14 911 35 
998 337 147 324 849 891 63 684 515 507 | 759 57 941 793 205 735 536 550 900 410 | 371 680 458 626 895 606 472 295 813 707 | 424 805 797 785 965 329 24 985 91 375 | 216 364 655 449 535 632 307 921 769 681 | 36 346 799 514 881 385 362 261 678 975 | 492 332 634 247 11 361 150 614 96 426 | 314 270 51 56 144 27 220 68 811 949 | 420 543 968 479 844 545 959 690 124 591 | 869 784 343 67 833 248 177 912 599 4 
574 59 780 794 754 302 485 695 558 777 | 700 767 847 920 795 166 43 230 772 245 | 602 842 866 459 672 381 171 560 143 757 | 973 857 484 309 1 401 802 20 801 495 | 446 704 188 654 489 896 117 187 339 442 | 262 113 100 55 228 828 563 553 590 264 | 937 5 149 750 880 702 712 863 764 259 | 551 278 904 318 605 710 843 897 242 431 | 993 714 873 976 950 116 589 85 886 686 | 246 155 151 939 685 28 725 692 145 771 
160 576 661 511 978 851 604 878 296 627 | 114 607 651 394 342 855 526 354 321 61 | 15 995 21 615 807 355 179 979 13 946 | 367 487 58 571 241 457 674 396 440 964 | 746 291 162 325 37 225 582 308 539 347 | 656 493 600 249 122 415 659 108 283 871 | 203 193 478 709 373 466 819 534 167 388 | 298 397 445 294 90 411 569 480 255 786 | 730 52 389 327 625 377 898 910 640 148 | 3 579 118 902 715 198 271 268 568 852 
